[  888.274655] newmem.sh invoked oom-killer: gfp_mask=0x100cca(GFP_HIGHUSER_MOVABLE), order=0, oom_score_adj=0
[  888.274659] CPU: 0 PID: 2215 Comm: newmem.sh Tainted: G           O      5.4.0-53-generic #59~18.04.1-Ubuntu
[  888.275028] [   2172]  1000  2172    33377    28449   307200        0             0 newmem.sh
[  888.275030] [   2173]  1000  2173    33113    28191   303104        0             0 newmem.sh
[  888.275031] [   2174]  1000  2174    33344    28406   311296        0             0 newmem.sh
[  888.275032] [   2175]  1000  2175    33377    28428   303104        0             0 newmem.sh
[  888.275033] [   2176]  1000  2176    33146    28195   303104        0             0 newmem.sh
[  888.275035] [   2177]  1000  2177    32981    28006   311296        0             0 newmem.sh
[  888.275036] [   2178]  1000  2178    33344    28392   311296        0             0 newmem.sh
[  888.275037] [   2179]  1000  2179    33212    28262   294912        0             0 newmem.sh
[  888.275038] [   2180]  1000  2180    33245    28299   303104        0             0 newmem.sh
[  888.275040] [   2181]  1000  2181    33146    28212   299008        0             0 newmem.sh
[  888.275041] [   2182]  1000  2182    32948    28001   294912        0             0 newmem.sh
[  888.275042] [   2183]  1000  2183    33410    28475   307200        0             0 newmem.sh
[  888.275043] [   2184]  1000  2184    33179    28242   299008        0             0 newmem.sh
[  888.275045] [   2185]  1000  2185    33311    28362   299008        0             0 newmem.sh
[  888.275046] [   2186]  1000  2186    33509    28566   299008        0             0 newmem.sh
[  888.275066] [   2211]  1000  2211    33080    28138   294912        0             0 newmem.sh
[  888.275067] [   2212]  1000  2212    33344    28407   311296        0             0 newmem.sh
[  888.275068] [   2213]  1000  2213    33047    28083   299008        0             0 newmem.sh
[  888.275070] [   2214]  1000  2214    33179    28230   307200        0             0 newmem.sh
[  888.275071] [   2215]  1000  2215    33410    28481   307200        0             0 newmem.sh
[  888.275072] [   2216]  1000  2216    33311    28383   299008        0             0 newmem.sh
[  888.275073] [   2217]  1000  2217    33278    28359   303104        0             0 newmem.sh
[  888.275075] [   2218]  1000  2218    33377    28436   307200        0             0 newmem.sh
[  888.275076] [   2219]  1000  2219    33146    28217   307200        0             0 newmem.sh
[  888.275077] [   2220]  1000  2220    32783    27831   303104        0             0 newmem.sh
[  888.275079] [   2222]  1000  2222    33278    28340   311296        0             0 newmem.sh
[  888.275080] [   2224]  1000  2224    33410    28490   315392        0             0 newmem.sh
[  888.275081] [   2225]  1000  2225    33410    28447   311296        0             0 newmem.sh
[  888.275082] [   2226]  1000  2226    33245    28324   303104        0             0 newmem.sh
[  888.275085] [   2242]  1000  2242    33410    28467   307200        0             0 newmem.sh
[  894.729480] newmem.sh invoked oom-killer: gfp_mask=0x100dca(GFP_HIGHUSER_MOVABLE|__GFP_ZERO), order=0, oom_score_adj=0
[  894.729487] CPU: 0 PID: 2216 Comm: newmem.sh Tainted: G           O      5.4.0-53-generic #59~18.04.1-Ubuntu
[  894.729823] [   2172]  1000  2172    33905    28536   311296      442             0 newmem.sh
[  894.729824] [   2173]  1000  2173    33806    28377   307200      488             0 newmem.sh
[  894.729826] [   2174]  1000  2174    33971    28563   319488      487             0 newmem.sh
[  894.729828] [   2175]  1000  2175    34136    28777   307200      414             0 newmem.sh
[  894.729830] [   2176]  1000  2176    33872    28527   307200      414             0 newmem.sh
[  894.729831] [   2177]  1000  2177    33608    28226   315392      437             0 newmem.sh
[  894.729833] [   2178]  1000  2178    34103    28614   315392      552             0 newmem.sh
[  894.729835] [   2179]  1000  2179    33806    28376   299008      500             0 newmem.sh
[  894.729836] [   2180]  1000  2180    33773    28294   311296      521             0 newmem.sh
[  894.729838] [   2181]  1000  2181    33773    28451   303104      399             0 newmem.sh
[  894.729840] [   2182]  1000  2182    33575    28206   299008      433             0 newmem.sh
[  894.729841] [   2183]  1000  2183    34136    28745   311296      450             0 newmem.sh
[  894.729843] [   2184]  1000  2184    34235    28863   307200      443             0 newmem.sh
[  894.729845] [   2185]  1000  2185    34103    28680   307200      487             0 newmem.sh
[  894.729846] [   2186]  1000  2186    34235    28846   307200      414             0 newmem.sh
[  894.729872] [   2211]  1000  2211    33740    28366   299008      430             0 newmem.sh
[  894.729873] [   2212]  1000  2212    33938    28474   315392      515             0 newmem.sh
[  894.729875] [   2213]  1000  2213    33674    28236   307200      504             0 newmem.sh
[  894.729877] [   2214]  1000  2214    33740    28375   311296      417             0 newmem.sh
[  894.729878] [   2215]  1000  2215    34103    28771   311296      400             0 newmem.sh
[  894.729880] [   2216]  1000  2216    34004    28634   303104      440             0 newmem.sh
[  894.729882] [   2217]  1000  2217    33905    28472   307200      477             0 newmem.sh
[  894.729883] [   2218]  1000  2218    33905    28463   311296      508             0 newmem.sh
[  894.729885] [   2219]  1000  2219    33641    28314   311296      397             0 newmem.sh
[  894.729887] [   2220]  1000  2220    33443    28054   311296      458             0 newmem.sh
[  894.729888] [   2222]  1000  2222    33971    28605   315392      399             0 newmem.sh
[  894.729890] [   2224]  1000  2224    34070    28746   319488      404             0 newmem.sh
[  894.729892] [   2225]  1000  2225    34037    28652   315392      435             0 newmem.sh
[  894.729894] [   2226]  1000  2226    33872    28526   307200      409             0 newmem.sh
[  894.729897] [   2242]  1000  2242    34004    28641   311296      444             0 newmem.sh
[  899.950800] [   2172]  1000  2172    34565    28146   315392     1451             0 newmem.sh
[  899.950801] [   2173]  1000  2173    34367    27906   311296     1497             0 newmem.sh
[  899.950802] [   2174]  1000  2174    34631    28282   323584     1417             0 newmem.sh
[  899.950803] [   2175]  1000  2175    34763    28325   315392     1477             0 newmem.sh
[  899.950804] [   2176]  1000  2176    34499    28089   315392     1410             0 newmem.sh
[  899.950805] [   2177]  1000  2177    34202    27883   319488     1370             0 newmem.sh
[  899.950806] [   2178]  1000  2178    34730    28195   319488     1575             0 newmem.sh
[  899.950807] [   2179]  1000  2179    34400    27937   303104     1487             0 newmem.sh
[  899.950808] [   2180]  1000  2180    34367    27815   315392     1550             0 newmem.sh
[  899.950809] [   2181]  1000  2181    34301    27983   307200     1368             0 newmem.sh
[  899.950810] [   2182]  1000  2182    34169    27783   303104     1402             0 newmem.sh
[  899.950811] [   2183]  1000  2183    34763    28359   319488     1404             0 newmem.sh
[  899.950812] [   2184]  1000  2184    34895    28556   311296     1381             0 newmem.sh
[  899.950813] [   2185]  1000  2185    34730    28261   311296     1486             0 newmem.sh
[  899.950814] [   2186]  1000  2186    34796    28534   311296     1332             0 newmem.sh
[  899.950830] [   2211]  1000  2211    34367    27898   303104     1505             0 newmem.sh
[  899.950831] [   2212]  1000  2212    34400    27943   319488     1531             0 newmem.sh
[  899.950832] [   2213]  1000  2213    34334    27967   311296     1414             0 newmem.sh
[  899.950833] [   2214]  1000  2214    34301    27987   315392     1360             0 newmem.sh
[  899.950834] [   2215]  1000  2215    34697    28338   319488     1400             0 newmem.sh
[  899.950835] [   2216]  1000  2216    34598    28215   311296     1403             0 newmem.sh
[  899.950836] [   2217]  1000  2217    34598    28127   311296     1471             0 newmem.sh
[  899.950837] [   2218]  1000  2218    34466    28125   315392     1407             0 newmem.sh
[  899.950838] [   2219]  1000  2219    34268    27932   319488     1402             0 newmem.sh
[  899.950839] [   2220]  1000  2220    34037    27617   315392     1456             0 newmem.sh
[  899.950840] [   2222]  1000  2222    34433    28138   319488     1356             0 newmem.sh
[  899.950841] [   2224]  1000  2224    34664    28390   323584     1338             0 newmem.sh
[  899.950842] [   2225]  1000  2225    34664    28277   319488     1430             0 newmem.sh
[  899.950843] [   2226]  1000  2226    34400    27995   311296     1407             0 newmem.sh
[  899.950845] [   2242]  1000  2242    34598    28156   315392     1445             0 newmem.sh
[  899.950849] oom-kill:constraint=CONSTRAINT_NONE,nodemask=(null),cpuset=/,mems_allowed=0,global_oom,task_memcg=/,task=newmem.sh,pid=2184,uid=1000
[  899.950856] Out of memory: Killed process 2184 (newmem.sh) total-vm:139580kB, anon-rss:114220kB, file-rss:4kB, shmem-rss:0kB, UID:1000 pgtables:304kB oom_score_adj:0
[  899.954323] oom_reaper: reaped process 2184 (newmem.sh), now anon-rss:0kB, file-rss:0kB, shmem-rss:0kB
[  909.364050] newmem.sh invoked oom-killer: gfp_mask=0x100cca(GFP_HIGHUSER_MOVABLE), order=0, oom_score_adj=0
[  909.364143] CPU: 0 PID: 2176 Comm: newmem.sh Tainted: G           O      5.4.0-53-generic #59~18.04.1-Ubuntu
[  909.364506] [   2172]  1000  2172    35852    29188   327680     1684             0 newmem.sh
[  909.364507] [   2173]  1000  2173    35588    29053   323584     1615             0 newmem.sh
[  909.364525] [   2174]  1000  2174    35918    29472   331776     1515             0 newmem.sh
[  909.364526] [   2175]  1000  2175    35885    29287   323584     1647             0 newmem.sh
[  909.364527] [   2176]  1000  2176    35555    29016   323584     1602             0 newmem.sh
[  909.364529] [   2177]  1000  2177    35258    28782   327680     1519             0 newmem.sh
[  909.364530] [   2178]  1000  2178    35918    29228   331776     1765             0 newmem.sh
[  909.364531] [   2179]  1000  2179    35555    28977   311296     1637             0 newmem.sh
[  909.364532] [   2180]  1000  2180    35522    28844   323584     1740             0 newmem.sh
[  909.364533] [   2181]  1000  2181    35555    29162   315392     1457             0 newmem.sh
[  909.364534] [   2182]  1000  2182    35456    28926   315392     1580             0 newmem.sh
[  909.364536] [   2183]  1000  2183    35918    29420   327680     1565             0 newmem.sh
[  909.364537] [   2185]  1000  2185    35984    29318   319488     1720             0 newmem.sh
[  909.364538] [   2186]  1000  2186    36050    29564   319488     1568             0 newmem.sh
[  909.364635] [   2211]  1000  2211    35489    28889   311296     1650             0 newmem.sh
[  909.364637] [   2212]  1000  2212    35588    28987   327680     1651             0 newmem.sh
[  909.364639] [   2213]  1000  2213    35456    29019   319488     1508             0 newmem.sh
[  909.364640] [   2214]  1000  2214    35390    28896   323584     1551             0 newmem.sh
[  909.364641] [   2215]  1000  2215    35951    29489   327680     1511             0 newmem.sh
[  909.364642] [   2216]  1000  2216    35753    29283   319488     1551             0 newmem.sh
[  909.364643] [   2217]  1000  2217    35786    29228   323584     1564             0 newmem.sh
[  909.364645] [   2218]  1000  2218    35654    29202   323584     1526             0 newmem.sh
[  909.364646] [   2219]  1000  2219    35456    28959   327680     1567             0 newmem.sh
[  909.364647] [   2220]  1000  2220    35324    28774   323584     1612             0 newmem.sh
[  909.364648] [   2222]  1000  2222    35753    29284   331776     1524             0 newmem.sh
[  909.364649] [   2224]  1000  2224    35885    29552   335872     1397             0 newmem.sh
[  909.364651] [   2225]  1000  2225    35852    29305   331776     1571             0 newmem.sh
[  909.364652] [   2226]  1000  2226    35555    29080   323584     1550             0 newmem.sh
[  909.364655] [   2242]  1000  2242    35753    29262   327680     1542             0 newmem.sh
