2376,59
2270,98
2145,71
2019,71
1886,08
1770,66
1645,4
1518,36
1386,7
1256,76
1127,07
994,18
863,75
731,844
616,441
481,828
351,645
225,398
99,3359
107,234
100,027
126,582
99,0391
108,789
124,477
116,602
113,844
109,711
1833,01
1716,54
1618,98
1506,64
1410,64
1308,6
1184,31
1057,07
945,891
818,16
690,184
562,414
433,758
310,34
226,773
119,992
120,941
85,4336
3445,93
3439,53
3439,53
3439,53
3439,47
3439,41
3439,35
3439,35
3439,29
3438,94
3439
3438,82
3438,82
3433,49
3432,85
3432,5
3432,26
3432,21
3431,63
3431,51
3431,22
3430,93
