472,461
472,461
472,461
472,461
472,461
472,461
472,461
472,461
472,461
472,461
472,461
472,461
472,461
472,461
472,461
472,461
472,461
472,461
472,461
471,949
470,699
469,199
464,949
458,949
339,699
211,449
111,121
0
1,11719
6,29297
16,8594
30,8633
31,168
31,1758
31,8516
32,043
32,3516
32,3516
32,8633
32,957
32,957
46,2383
46,3633
46,3906
3,80859
0
2,78125
3,67188
3,71094
3,71484
3,72656
4,01172
4,03516
4,04297
4,04688
4,12109
4,12109
4,125
4,14062
7,23828
7,26562
7,26562
7,27734
8,40625
8,48438
8,51562
8,57812
8,84766
